3754 170.283
1468 53.1002
3787 139.475
1670 140.051
1465 59.299
3702 83.7836
1668 94.9393
3652 140.587
3603 54.2607
3677 54.2607
3677 54.2607
3677 80.5015
1651 80.5015
1651 80.5015
1651 87.2212
3668 7.99507
1776 41.2325
3972 -172.223
1742 -172.223
1742 34.2527
1661 23.0236
3679 63.0061
1583 72.5407
3753 100.171
1554 108.275
1712 -32.4503
1584 46.8263
1691 67.026
3677 77.0306
4797 76.5299
3731 76.5299
3731 74.8328
1465 70.3084
1573 102.245
3673 116.624
2949 -146.57
423 123.37
3713 59.4344
1583 76.583
1669 50.7126
1618 -61.6158
3839 -61.6158
1568 82.8261
3839 66.4409
1654 94.6996
3590 141.97
1614 87.4962
3758 117.752
3677 77.4314
1565 111.182
1587 73.0973
3679 33.6206
1726 102.039
3699 24.8624
3669 56.5351
3919 173.76
2818 152.418
473 72.8141
660 120.912
1656 -4.31602e+008
1656 147.228
3701 115.585
1560 147.672
3759 148.802
1515 7.91738
3588 119.43
3758 92.3174
1513 141.667
3665 104.694
1673 125.328
3666 98.9572
1582 96.7718
1722 96.7718
3804 120.556
3656 111.367
1584 126.435
3757 92.0622
1693 119.251
3757 119.251
3665 63.8145
3757 63.8145
3678 91.1913
3678 91.1913
1584 100.811
3678 100.811
1586 70.2569
3678 139.971
1586 139.971
1653 121.768
1655 121.768
1655 58.8852
1584 98.5552
3702 80.894
3767 62.4594
1721 67.3523
1670 115.603
3677 115.603
1583 93.6229
3757 0
3757 132.184
1583 93.6229
3770 100.205
3731 21.1973
3770 100.205
3731 21.1973
1690 61.9881
1568 71.1674
3767 121.776
3758 108.731
3666 83.4972
1827 77.3572
1692 0
1692 46.9378
3713 24.4566
2949 98.8199
3663 55.489
1503 29.8436
1503 -27.9449
1503 136.668
1503 176.841
1503 -115.274
1503 -28.2382
1567 86.7878
1567 86.7878
1618 0
1618 91.5215
1618 91.5215
1618 91.5215
1618 143.811
1618 -170.114
1618 159.223
1618 171.414
1618 -179.584
1675 65.4239
1674 60.7892
1675 65.4239
1675 145.199
1675 129.525
1675 146.139
1675 115.675
1675 166.117
1675 166.117
3683 153.529
1675 121.082
1675 121.082
1675 121.082
1675 89.1722
1675 89.1722
1673 -100.657
1673 -100.657
1673 -100.657
1673 -100.657
1673 -8.77543
3752 84.3989
3767 69.6698
3767 69.6698
3767 136.762
3767 136.762
3767 -6.46557
3767 -1.70628
3767 -3.47232
3767 -9.15867
3767 -9.15867
3767 -163.669
3767 115.013
3767 115.013
3767 90.114
3767 90.114
3767 123.041
1688 56.6373
1658 96.7113
1658 96.7113
1658 122.683
1655 93.8515
1655 -22.7033
1655 12.0086
1655 -31.9561
1658 108.368
1658 108.368
1658 97.0642
3758 52.0206
3758 52.0206
3758 90.816
1587 85.5226
3702 122.344
1587 85.5226
1587 137.572
3769 85.1545
3769 85.1545
3769 94.3483
3769 155.605
3769 144.433
3769 76.7849
3769 22.5173
3769 61.2198
1564 0
1672 126.584
1672 126.584
1672 52.9154
3785 78.0856
3785 91.4966
3787 58.7598
3701 99.2229
1552 81.3761
3754 89.3177
1651 62.1357
3848 65.4974
1656 98.7898
1582 46.432
3767 0
3767 -92.0927
3727 -105.944
1562 -145.358
1584 83.3927
1655 15.1221
3730 81.2783
3867 -130.273
3701 -73.6277
1585 47.9496
3701 -73.6277
1655 15.1221
1655 -67.5662
1655 -67.5662
3678 95.977
3678 -103.174
3678 -103.174
3701 81.9812
1562 -135.967
1563 -142.884
1562 -135.967
3751 51.7493
3769 -110.788
3698 54.8567
3805 -117.146
1614 -120.357
3802 -115.949
3847 -134.27
3731 -113.633
3772 60.3951
1583 94.6509
1616 121.376
1565 47.5411
3753 -114.037
1651 -105.464
1467 129.965
1563 -147.665
3685 162.308
3718 -162.199
1674 73.8105
1655 65.7059
3752 59.7475
3768 -128.474
1709 79.5513
1710 0
1710 -72.0484
3699 -171.209
3669 -165.415
3702 117.694
3719 20.8091
1603 78.7986
3757 -83.7185
1601 76.2464
3703 -81.8006
1670 54.7318
3752 -149.535
3755 129.694
1669 120.285
3772 -98.9076
1545 -14.7078
1583 42.8084
1691 102.818
3789 0
3789 64.9262
1566 132.535
1655 -160.55
1608 -99.7048
3666 -51.1206
1658 93.2966
3718 110.355
1774 -151.249
3676 106.17
1572 107.689
1690 101.499
1617 134.221
1651 80.9503
1652 -81.9136
1668 85.9753
1827 105.331
1675 -145.587
3806 66.4695
3661 -168.23
3645 -172.839
1582 77.9281
1578 100.452
3768 62.2234
1588 120.418
1615 89.4237
3552 97.2043
1619 54.1679
3852 83.3824
1712 63.6465
3677 70.5789
3731 0
3731 51.5908
1691 94.0385
1460 83.7764
1668 42.6903
1674 78.7982
3771 -84.6306
3752 67.4998
1762 -109.094
1710 -70.6037
3802 -78.2529
3702 -106.169
1617 76.4856
1554 -93.9394
1669 0.879823
1616 -90.939
3718 115.463
1787 0.359365
1583 -98.6693
3849 38.7743
1675 -50.1444
1544 47.3912
3753 -131.907
3563 125.196
3833 43.8165
3850 -107.519
1710 69.007
3784 -62.3623
3802 -52.3302
3917 102.965
1583 -84.9594
3701 52.1276
1712 -96.9838
3719 59.5544
3699 46.9314
3757 44.4636
1479 -60.2876
3823 33.249
3803 85.0675
640 1.97782
2935 0.593859
459 0.165063
1831 2.96114
1584 2.07871
1584 1.55325
1584 0.0178208
1584 -1.98854
1584 -2.39894
1584 0.2074
1584 1.4534
1658 0.677097
1668 1.28706
1584 1.31576
3014 -1.6243
2761 0.914621
2788 1.29845
622 2.01632
2884 1.01058
2798 0.904433
407 1.35998
598 1.98016
5738 1.73362
2895 1.22934
3788 0.0499593
1802 1.79745
1652 0.865064
1614 1.03082
650 1.00899
2816 1.47941
1682 0.82874
3762 1.63723
3759 0.913004
3562 1.1838
1551 0.926661
1570 1.23722
3754 1.34034
3788 1.04134
1657 -1.37719
3731 1.57473
1615 1.40966
3751 1.57614
3789 2.29708
1674 1.45818
3756 1.28896
1688 2.33672
3784 1.25185
1673 1.62338
1479 1.6068
1618 0.369216
1670 1.37601
4496 2.08334
4430 1.77958
3814 1.24248
1541 1.42234
1439 1.85217
3762 2.2644
3700 1.59695
1656 1.65074
3791 2.02375
3805 0.34365
3802 1.01705
1537 1.05928
1583 1.63156
3872 1.77925
1585 0.381151
1554 0.0916346
1691 2.33523
