error 185
targetTextureID	0
	linkData:
	1,12.1073
	2,66.6325
	3,140.149
	4,184.249
	5,230.309
	6,296.495
targetTextureID	1
	linkData:
	15,7.74522
	16,52.2749
	2,121.661
	0,195.286
	6,252.233
	7,314.885
targetTextureID	2
	linkData:
	16,17.2831
	18,65.4854
	12,138.931
	3,192.381
	0,251.951
	1,307.441
targetTextureID	3
	linkData:
	2,12.2275
	12,53.8921
	13,118.216
	14,193.361
	4,254.185
	0,318.634
targetTextureID	4
	linkData:
	0,5.90468
	3,84.2433
	14,159.451
	10,238.373
	5,300.15
targetTextureID	5
	linkData:
	0,47.4453
	4,120.311
	10,182.171
	11,228.961
	8,296.4
	6,351.821
targetTextureID	6
	linkData:
	7,9.86007
	1,68.3276
	0,117.547
	5,171.33
	8,231.631
	9,297.627
targetTextureID	7
	linkData:
	23,11.4169
	15,72.7894
	1,133.966
	6,190.285
	9,236.789
	24,297.209
targetTextureID	8
	linkData:
	6,52.7682
	5,112.559
	11,160.85
	19,259.697
	20,315.681
	9,356.177
targetTextureID	9
	linkData:
	24,16.8243
	7,57.1396
	6,117.198
	8,176.017
	20,231.138
	29,296.557
targetTextureID	10
	linkData:
	5,1.99812
	4,50.6826
	14,98.6037
	25,183.567
	26,231.495
	11,295.589
targetTextureID	11
	linkData:
	5,49.3428
	10,114.979
	26,181.182
	32,230.015
	19,301.672
	8,340.912
targetTextureID	12
	linkData:
	18,22.778
	21,64.9173
	22,141.483
	13,181.84
	3,233.084
	2,318.843
targetTextureID	13
	linkData:
	22,73.3252
	31,140.976
	30,177.513
	14,230.35
	3,291.115
	12,358.331
targetTextureID	14
	linkData:
	3,21.1176
	13,75.4325
	30,143.231
	25,247.405
	10,276.428
	4,325.638
targetTextureID	15
	linkData:
	33,9.45469
	27,62.0049
	16,119.961
	1,192.995
	7,258.491
	23,307.622
targetTextureID	16
	linkData:
	27,8.76318
	28,65.9968
	18,139.092
	2,196.694
	1,240.221
	15,303.59
targetTextureID	17
	linkData:
targetTextureID	18
	linkData:
	28,20.0573
	34,66.237
	21,144.002
	12,202.738
	2,246.934
	16,321.831
targetTextureID	19
	linkData:
	20,21.8316
	8,81.4222
	11,125.003
	32,160.912
	40,229.755
	35,291.144
targetTextureID	20
	linkData:
	9,49.1127
	8,135.003
	19,201.741
	35,230.269
	36,298.338
	29,339.334
targetTextureID	21
	linkData:
	34,33.6322
	39,66.6513
	37,149.041
	22,190.532
	12,244.632
	18,324.261
targetTextureID	22
	linkData:
	21,8.968
	37,68.3167
	38,141.477
	31,187.126
	13,254.12
	12,318.509
targetTextureID	23
	linkData:
	41,7.93214
	33,67.4379
	15,123.189
	7,195.087
	24,252.378
	42,315.607
targetTextureID	24
	linkData:
	42,24.269
	23,68.1056
	7,117.355
	9,195.616
	29,238.092
	47,297.529
targetTextureID	25
	linkData:
	10,3.03454
	14,64.0942
	30,82.171
	44,112.921
	63,146.8
	73,183.373
	79,187.317
	45,216.086
	26,286.113
	101,145.263
targetTextureID	26
	linkData:
	11,3.6369
	10,52.8285
	25,108.095
	45,183.011
	46,232.849
	32,291.443
targetTextureID	27
	linkData:
	48,7.45693
	49,54.9458
	28,127.313
	16,197.389
	15,254.046
	33,312.783
targetTextureID	28
	linkData:
	49,3.94005
	50,65.4822
	34,129.873
	18,202.826
	16,252.254
	27,307.864
targetTextureID	29
	linkData:
	47,7.89056
	24,52.5318
	9,111.333
	20,157.972
	36,227.584
	52,298.488
targetTextureID	30
	linkData:
	31,69.6048
	43,140.672
	44,181.602
	25,237.425
	14,282.132
	13,353.155
targetTextureID	31
	linkData:
	38,59.8961
	58,140.226
	43,187.947
	30,241.943
	13,312.89
	22,354.302
targetTextureID	32
	linkData:
	11,54.8446
	26,113.433
	46,190.578
	53,231.42
	40,309.587
	19,340.119
targetTextureID	33
	linkData:
	51,8.45173
	48,50.273
	27,125.182
	15,195.514
	23,259.188
	41,324.572
targetTextureID	34
	linkData:
	50,18.1343
	59,66.1575
	39,162.471
	21,214.972
	18,249.831
	28,312.026
targetTextureID	35
	linkData:
	20,50.4912
	19,112.692
	40,195.731
	56,257.737
	57,315.747
	36,357.869
targetTextureID	36
	linkData:
	29,44.1295
	20,115.7
	35,177.871
	57,249.845
	52,334.932
targetTextureID	37
	linkData:
	39,16.4166
	54,66.5928
	55,141.115
	38,189.605
	22,247.184
	21,327.631
targetTextureID	38
	linkData:
	37,6.539
	55,65.6891
	64,142.486
	58,196.991
	31,247.963
	22,319.041
targetTextureID	39
	linkData:
	59,34.8853
	69,67.0865
	54,145.957
	37,195.974
	21,248.123
	34,345.392
targetTextureID	40
	linkData:
	35,17.1651
	19,54.5847
	32,137.699
	53,174.968
	65,228.718
	56,289.727
targetTextureID	41
	linkData:
	76,9.26542
	51,77.8156
	33,132.27
	23,190.278
	42,239.132
	66,332.239
targetTextureID	42
	linkData:
	66,10.8415
	41,49.1304
	23,129.682
	24,203.36
	47,252.374
	67,318.278
targetTextureID	43
	linkData:
	31,15.979
	58,81.7694
	68,141.929
	61,173.215
	44,244.799
	30,331.765
targetTextureID	44
	linkData:
	30,6.7037
	43,64.5499
	61,143.059
	62,184.199
	63,228.454
	25,288.899
targetTextureID	45
	linkData:
	26,2.95804
	25,35.8137
	73,144.037
	74,184.281
	75,230.412
	46,301.788
targetTextureID	46
	linkData:
	32,10.2914
	26,52.8916
	45,121.191
	75,176.243
	77,229.212
	53,292.37
targetTextureID	47
	linkData:
	67,14.7152
	42,59.2565
	24,106.928
	29,185.941
	52,229.479
	72,298.452
targetTextureID	48
	linkData:
	70,10.8341
	71,66.4382
	49,119.778
	27,183.992
	33,234.976
	51,298.269
targetTextureID	49
	linkData:
	71,25.4925
	81,65.6234
	50,121.77
	28,181.244
	27,232.496
	48,300.428
targetTextureID	50
	linkData:
	81,4.87351
	88,65.8
	59,152.074
	34,205.01
	28,255.106
	49,314.417
targetTextureID	51
	linkData:
	82,10.2228
	70,36.4498
	48,113.599
	33,189.316
	41,272.654
	76,340.581
targetTextureID	52
	linkData:
	47,35.2574
	29,106.671
	36,149.422
	57,193.874
	84,246.196
	72,345.099
	117,289.043
	119,170.726
targetTextureID	53
	linkData:
	32,51.3561
	46,110.766
	77,181.06
	89,230.101
	65,315.617
	40,352.858
targetTextureID	54
	linkData:
	69,13.3902
	90,64.8077
	85,176.873
	55,197.161
	37,243.127
	39,327.78
	127,157.915
	133,132.755
targetTextureID	55
	linkData:
	54,22.3452
	85,142.443
	86,182.397
	64,231.287
	38,278.419
	37,350.04
targetTextureID	56
	linkData:
	57,29.051
	35,81.7237
	40,114.383
	65,171.138
	98,230.12
	84,344.667
targetTextureID	57
	linkData:
	52,12.5153
	36,67.4081
	35,136.28
	56,208.552
	84,296.65
targetTextureID	58
	linkData:
	38,20.4523
	64,60.2079
	87,142.296
	68,184.293
	43,261.982
	31,331.459
targetTextureID	59
	linkData:
	88,9.93508
	95,66.78
	69,150.689
	39,207.554
	34,244.145
	50,323.971
targetTextureID	60
	linkData:
targetTextureID	61
	linkData:
	68,65.6724
	100,142.785
	91,177.96
	62,247.158
	44,323.051
	43,353.413
targetTextureID	62
	linkData:
	44,5.00414
	61,67.0573
	91,143.318
	92,182.835
	78,237.303
	63,291.24
targetTextureID	63
	linkData:
	44,47.5576
	62,108.825
	78,192.57
	79,256.487
	25,326.05
targetTextureID	64
	linkData:
	55,37.1833
	86,92.5582
	97,140.113
	87,183.775
	58,244.184
	38,330.128
targetTextureID	65
	linkData:
	40,53.0434
	53,135.71
	89,165.851
	99,231.172
	98,289.655
	56,349.781
targetTextureID	66
	linkData:
	93,8.65274
	76,48.6825
	41,143.806
	42,193.473
	67,253.461
	94,318.262
targetTextureID	67
	linkData:
	66,51.6412
	42,120.917
	47,193.257
	72,238.94
	104,315.901
	94,352.402
targetTextureID	68
	linkData:
	58,3.62185
	87,95.6428
	105,142.168
	100,173.284
	61,247.987
	43,320.537
targetTextureID	69
	linkData:
	95,36.3218
	96,66.9127
	90,151.447
	54,195.178
	39,245.347
	59,333.624
targetTextureID	70
	linkData:
	164,26
	113,80.426
	71,105.121
	48,170.176
	51,200.332
	82,278.701
	123,350.633
targetTextureID	71
	linkData:
	113,12.6596
	111,57.2504
	81,131.768
	49,198.195
	48,241.994
	70,297.586
targetTextureID	72
	linkData:
	67,29.9182
	47,92.9519
	52,158.926
	117,183.944
	118,231.216
	104,349.724
targetTextureID	73
	linkData:
	25,3.32019
	101,66.5509
	78,113.632
	103,184.091
	74,246.906
	45,324.21
targetTextureID	74
	linkData:
	45,4.13299
	73,67.1933
	103,139.143
	114,183.072
	115,229.128
	75,303.417
targetTextureID	75
	linkData:
	46,6.33261
	45,64.7724
	74,126.245
	115,179.347
	155,217.547
	107,272.922
	77,331.938
targetTextureID	76
	linkData:
	106,10.667
	82,51.5194
	51,148.866
	41,193.498
	66,241.972
	93,355.84
targetTextureID	77
	linkData:
	53,3.90711
	46,53.2345
	75,124.88
	107,184.105
	108,229.801
	89,311.5
targetTextureID	78
	linkData:
	63,12.0266
	101,20.2366
	62,56.5739
	92,101.072
	103,230.687
	73,293.515
	79,303.837
	126,169.094
	153,274.489
targetTextureID	79
	linkData:
	25,7.20489
	63,74.0981
	78,123.65
targetTextureID	80
	linkData:
targetTextureID	81
	linkData:
	111,12.1214
	112,67.9159
	88,127.281
	50,179.577
	49,253.976
	71,326.319
targetTextureID	82
	linkData:
	123,53.6648
	70,111.667
	51,188.427
	76,241.986
	106,356.779
targetTextureID	83
	linkData:
targetTextureID	84
	linkData:
	117,37.2043
	52,58.6824
	120,106.425
	57,114.374
	56,164.505
	98,193.341
	118,352.768
	139,319.234
	142,222.107
	170,277.776
	181,210.432
targetTextureID	85
	linkData:
	194,58.7814
	127,67.5819
	109,171.218
	161,184.285
	86,273.18
	55,325.019
	54,356.938
targetTextureID	86
	linkData:
	55,9.4595
	85,97.5378
	109,141.579
	97,200.4
	64,285.321
targetTextureID	87
	linkData:
	64,4.30721
	97,49.0555
	129,117.698
	105,191.378
	68,277.548
	58,323.019
targetTextureID	88
	linkData:
	112,11.0208
	130,63.5902
	95,148.302
	59,201.631
	50,248.374
	81,315.026
targetTextureID	89
	linkData:
	53,48.8221
	77,118.558
	108,160.992
	134,229.623
	99,314.295
	65,347.008
targetTextureID	90
	linkData:
	96,23.0962
	133,184.492
	54,247.205
	69,339.402
	148,75.8654
	180,186.757
targetTextureID	91
	linkData:
	100,55.4178
	149,142.234
	124,180.833
	92,278.354
	62,321.735
	61,356.035
targetTextureID	92
	linkData:
	62,2.80847
	91,101.875
	124,142.329
	125,183.1
	126,231.149
	78,279.217
targetTextureID	93
	linkData:
	106,6.35058
	76,148.804
	66,175.741
	94,231.326
	137,297.062
targetTextureID	94
	linkData:
	93,26.7539
	66,102.2
	67,159.535
	143,228.96
	104,234.428
	137,338.348
targetTextureID	95
	linkData:
	130,41.6613
	138,143.906
	96,175.114
	69,234.663
	59,276.012
	88,349.976
targetTextureID	96
	linkData:
	95,0.757181
	138,122.634
	147,141.884
	148,182.579
	90,211.856
	69,251.72
targetTextureID	97
	linkData:
	86,12.5389
	109,87.1384
	135,141.902
	129,174.211
	87,233.644
	64,319.684
targetTextureID	98
	linkData:
	84,13.7213
	56,54.2021
	65,116.148
	99,169.745
	141,230.575
	142,297.248
targetTextureID	99
	linkData:
	65,54.0209
	89,127.286
	134,151.933
	150,230.85
	141,286.492
	98,348.262
targetTextureID	100
	linkData:
	105,56.5077
	154,141.81
	149,171.751
	91,232.804
	61,318.437
	68,344.999
targetTextureID	101
	linkData:
	78,200.399
	73,247.801
	25,324.575
targetTextureID	102
	linkData:
targetTextureID	103
	linkData:
	73,3.53712
	153,26.6147
	78,52.0138
	126,93.5322
	151,144.265
	144,191.35
	114,288.788
	74,318.249
	205,98.1662
targetTextureID	104
	linkData:
	94,35.5224
	67,105.534
	72,171.027
	118,195.168
	143,200.33
	140,231.029
	208,254.583
	211,81.7657
targetTextureID	105
	linkData:
	129,29.347
	160,140.339
	154,173.314
	100,237.957
	68,305.198
	87,341.285
targetTextureID	106
	linkData:
	123,62.7703
	82,107.237
	76,132.099
	93,154.935
	137,225.082
	167,295.459
targetTextureID	107
	linkData:
	77,8.72148
	75,69.2005
	155,141.826
	156,184.128
	157,230.023
	108,300.3
targetTextureID	108
	linkData:
	77,37.0366
	107,107.457
	157,180.795
	166,229.736
	134,306.649
	89,358.868
targetTextureID	109
	linkData:
	161,63.3603
	162,140.014
	135,216.535
	97,241.954
	86,284.873
	85,301.885
targetTextureID	110
	linkData:
targetTextureID	111
	linkData:
	158,8.92799
	159,65.1228
	112,120.098
	81,188.892
	71,232.203
	113,305.112
targetTextureID	112
	linkData:
	159,33.0649
	165,65.2459
	130,124.276
	88,190.556
	81,245.595
	111,307.053
targetTextureID	113
	linkData:
	158,25.2157
	111,118.956
	71,190.264
	70,252.783
	164,316.445
targetTextureID	114
	linkData:
	74,8.59633
	103,114.454
	144,141.809
	145,183.589
	146,231.763
	115,279.309
targetTextureID	115
	linkData:
	75,20.3896
	74,73.0507
	114,95.5202
	146,173.157
	168,230.22
	155,306.452
targetTextureID	116
	linkData:
targetTextureID	117
	linkData:
	72,4.08178
	52,104.471
	119,141.293
	120,183.464
	84,221.617
	118,300.822
targetTextureID	118
	linkData:
	104,3.71014
	72,42.6765
	117,113.877
	84,172.633
	139,257.668
	140,315.304
targetTextureID	119
	linkData:
	117,324.964
	52,350.774
	120,263.572
targetTextureID	120
	linkData:
	117,2.88337
	119,80.7845
	84,288.897
targetTextureID	121
	linkData:
targetTextureID	122
	linkData:
targetTextureID	123
	linkData:
	164,30.3866
	70,130.138
	82,169.526
	106,249.913
	216,253.079
	167,267.176
	234,272.605
	177,328.797
targetTextureID	124
	linkData:
	91,1.63614
	149,108.986
	174,193.461
	125,257.782
	92,317.436
targetTextureID	125
	linkData:
	92,1.47446
	124,83.6743
	174,165.67
	151,226.585
	126,292.793
targetTextureID	126
	linkData:
	92,54.2157
	125,120.797
	151,191.261
	103,267.484
	153,317.638
	78,346.914
targetTextureID	127
	linkData:
	85,200.976
	54,347.518
	194,64.6385
	198,183.784
	197,322.113
targetTextureID	128
	linkData:
targetTextureID	129
	linkData:
	97,6.28843
	135,62.4886
	187,141.94
	160,254.341
	105,291.929
	87,342.685
targetTextureID	130
	linkData:
	165,7.89899
	185,170.277
	138,198.42
	95,222.822
	88,259.763
	112,309.853
	242,67.2337
	247,133.303
	252,314.734
targetTextureID	131
	linkData:
targetTextureID	132
	linkData:
targetTextureID	133
	linkData:
	90,6.24463
	54,354.729
targetTextureID	134
	linkData:
	89,26.014
	108,85.1448
	166,129.66
	202,192.554
	150,304.762
	99,331.303
targetTextureID	135
	linkData:
	162,18.228
	109,35.644
	187,167.608
	129,236.951
	97,319.359
	239,162.291
	267,132.102
	270,42.3756
	305,163.848
targetTextureID	136
	linkData:
targetTextureID	137
	linkData:
	93,26.1656
	94,92.6047
	143,131.137
	191,192.081
	167,279.936
	106,345.571
targetTextureID	138
	linkData:
	130,21.253
	185,66.1896
	186,141.985
	147,163.814
	96,308.209
	95,330.857
targetTextureID	139
	linkData:
	118,67.9006
	84,132.481
	170,182.354
	171,230.921
	172,297.802
	140,337.981
targetTextureID	140
	linkData:
	208,8.52745
	104,18.9145
	118,119.897
	139,154.621
	172,226.761
	209,297.096
targetTextureID	141
	linkData:
	98,52.3461
	99,107.173
	150,156.122
	214,258.678
	215,316.724
	142,359.956
targetTextureID	142
	linkData:
	182,26.3269
	84,41.3223
	189,80.2376
	98,121.432
	141,180.802
	183,344.656
	215,234.058
	232,291.68
	261,324.228
	285,241.091
targetTextureID	143
	linkData:
	94,28.2764
	104,18.5528
	137,354.788
	191,314.804
	228,256.675
targetTextureID	144
	linkData:
	103,5.2153
	205,54.1795
	151,96.7925
	207,192.698
	145,304.709
	114,325.148
targetTextureID	145
	linkData:
	114,23.7191
	144,82.6286
	207,109.811
	213,189.62
	203,249.505
	146,327.706
targetTextureID	146
	linkData:
	115,9.97326
	114,68.722
	145,141.594
	203,182.631
	204,228.392
	168,274.411
targetTextureID	147
	linkData:
	186,121.546
	222,140.108
	178,178.38
	148,247.324
	96,326.269
	138,345.424
targetTextureID	148
	linkData:
	147,62.9407
	178,142.966
	179,182.306
	180,230.266
	90,273.034
	96,358.066
targetTextureID	149
	linkData:
	154,51.9848
	221,117.279
	174,213.318
	124,278.336
	91,314.271
	100,348.968
targetTextureID	150
	linkData:
	347,17.4545
	99,44.0781
	278,99.6972
	202,113.737
	134,116.096
	344,184.305
	337,218.918
	288,263.069
	214,302.155
	141,336.687
targetTextureID	151
	linkData:
	205,13.7921
	126,15.3716
	125,62.3902
	174,129.453
	264,181.717
	282,212.168
	207,230.491
	144,278.248
	103,318.843
targetTextureID	152
	linkData:
targetTextureID	153
	linkData:
	78,94.7324
	126,141.005
	103,206.282
targetTextureID	154
	linkData:
	160,39.888
	221,154.84
	149,226.725
	100,315.873
	105,348.745
targetTextureID	155
	linkData:
	75,19.6991
	115,81.0572
	168,148.205
	201,182.889
	156,268.719
	107,326.904
targetTextureID	156
	linkData:
	107,14.4762
	155,95.958
	201,155.604
	219,182.874
	220,230.576
	157,289.575
targetTextureID	157
	linkData:
	108,35.8874
	107,67.7289
	156,112.765
	220,177.796
	231,230.285
	166,340.622
targetTextureID	158
	linkData:
	175,5.53877
	223,91.5835
	159,139.634
	111,209.731
	113,237.277
	164,300.575
	246,83.189
	275,173.097
targetTextureID	159
	linkData:
	223,64.7083
	224,141.234
	165,144.161
	112,229.006
	111,273.621
	158,339.503
targetTextureID	160
	linkData:
	221,183.273
	154,218.352
	187,300.545
	105,313.53
	129,323.001
	269,4.65337
	284,163.72
	309,20.7894
	312,116.235
	314,305.703
	317,194.49
targetTextureID	161
	linkData:
	192,43.1011
	162,140.891
	109,232.476
	85,292.109
	194,320.405
	179,358.981
	237,104.31
	256,101.142
	259,194.339
	299,70.0259
targetTextureID	162
	linkData:
	237,66.0741
	238,142.778
	239,183.361
	135,256.217
	109,293.834
	161,321.07
targetTextureID	163
	linkData:
targetTextureID	164
	linkData:
	175,10.2029
	158,64.0304
	113,124.465
	70,196.775
	123,223.566
	177,296.747
targetTextureID	165
	linkData:
	223,38.5638
	242,118.213
	224,142.371
	130,193.072
	112,261.011
	159,328.658
targetTextureID	166
	linkData:
	108,52.4185
	157,128.766
	231,165.036
	240,230.034
	202,321.207
	134,358.288
targetTextureID	167
	linkData:
	106,9.07296
	137,52.4002
	191,98.3789
	230,136.868
	234,217.926
	123,345.158
targetTextureID	168
	linkData:
	115,25.7246
	146,64.3709
	204,127.464
	244,191.287
	201,264.699
	155,339.149
targetTextureID	169
	linkData:
targetTextureID	170
	linkData:
	139,0.802838
	84,91.7736
	181,144.787
	182,184.812
	183,229.848
	171,272.789
targetTextureID	171
	linkData:
	139,43.0374
	170,87.7145
	183,168.899
	226,255.692
	227,317.089
	172,351.137
targetTextureID	172
	linkData:
	140,35.127
	139,105.454
	171,168.998
	227,229.982
	209,317.989
targetTextureID	173
	linkData:
targetTextureID	174
	linkData:
	124,10.3668
	149,44.9136
	221,78.0145
	264,191.469
	151,277.647
	125,334.61
targetTextureID	175
	linkData:
	218,52.6305
	245,140.265
	246,182.783
	158,217.896
	164,293.76
	177,353.801
targetTextureID	176
	linkData:
targetTextureID	177
	linkData:
	175,4.16908
	164,75.7329
	123,140.317
	216,184.181
	217,231.362
	218,295.697
targetTextureID	178
	linkData:
	222,55.6964
	233,117.206
	192,187.01
	179,262.848
	148,322.388
	147,358.539
targetTextureID	179
	linkData:
	148,3.81429
	178,82.3705
	192,138.849
	161,181.002
	194,230.616
	180,301.442
targetTextureID	180
	linkData:
	148,46.1265
	179,123.98
	90,8.78628
	194,182.383
	197,216.026
	200,212.188
targetTextureID	181
	linkData:
	170,326.338
	84,28.9543
	182,263.914
	188,177.842
targetTextureID	182
	linkData:
	170,4.35312
	181,83.9441
	188,141.281
	189,184.143
	142,206.002
	183,286.904
targetTextureID	183
	linkData:
	170,48.2028
	182,107.1
	142,164.853
	232,231.477
	226,290.602
	171,349.575
targetTextureID	184
	linkData:
targetTextureID	185
	linkData:
	247,9.46847
	248,66.4368
	249,143.135
	186,191.912
	138,248.69
	130,353.079
targetTextureID	186
	linkData:
	185,14.7703
	249,80.9229
	265,138.808
	222,156.527
	147,301.866
	138,324.596
targetTextureID	187
	linkData:
	267,68.7884
	268,140.785
	269,184.456
	160,259.549
	129,299.755
	135,345.197
targetTextureID	188
	linkData:
	182,319.619
	181,357.18
	189,271.148
targetTextureID	189
	linkData:
	182,4.22517
	188,95.1816
	142,259.678
targetTextureID	190
	linkData:
targetTextureID	191
	linkData:
	137,3.84079
	143,86.6356
	228,143.214
	209,188.841
	230,229.246
	167,315.491
targetTextureID	192
	linkData:
	178,6.9907
	233,68.689
	255,142.343
	256,182.969
	161,222.715
	179,317.863
targetTextureID	193
	linkData:
targetTextureID	194
	linkData:
	180,2.52724
	179,50.0321
	161,141.556
	85,176.987
	127,240.201
	197,299.582
targetTextureID	195
	linkData:
targetTextureID	196
	linkData:
targetTextureID	197
	linkData:
	180,25.9155
	194,104.252
	127,141.052
	198,183.505
	199,230.146
	200,298.395
targetTextureID	198
	linkData:
	197,14.0259
	127,45.6514
	199,318.235
targetTextureID	199
	linkData:
	197,57.6673
	198,149.79
	200,357.472
targetTextureID	200
	linkData:
	197,113.197
	199,172.843
	180,65.1004
targetTextureID	201
	linkData:
	155,6.23489
	168,79.9503
	244,150.6
	277,183.343
	219,280.402
	156,329.696
targetTextureID	202
	linkData:
	278,9.57545
	150,93.3866
	134,155.585
	166,225.243
	240,227.022
	279,296.756
targetTextureID	203
	linkData:
	146,3.25034
	145,73.7339
	213,159.829
	244,239.707
	204,303.727
targetTextureID	204
	linkData:
	146,40.4352
	203,129.279
	244,213.923
	168,307.703
targetTextureID	205
	linkData:
	151,192.51
	144,235.137
	103,273.179
targetTextureID	206
	linkData:
targetTextureID	207
	linkData:
	145,4.75584
	144,24.0211
	151,59.7144
	282,192.61
	283,259.054
	213,350.428
targetTextureID	208
	linkData:
	210,8.2708
	104,50.3324
	211,54.0138
	140,197.395
	209,254.38
	212,315.258
targetTextureID	209
	linkData:
	208,39.1827
	228,77.6542
	140,94.2714
	172,130.397
	227,162.615
	291,225.152
	230,285.663
	212,343.815
	191,355.82
targetTextureID	210
	linkData:
	208,208.875
	212,293.363
	211,122.373
targetTextureID	211
	linkData:
	208,270.114
	210,319.23
	104,273.579
targetTextureID	212
	linkData:
	208,101.771
	210,57.311
	209,169.785
targetTextureID	213
	linkData:
	145,16.8002
	207,90.6091
	283,128.57
	290,193.838
	244,268.16
	203,334.479
targetTextureID	214
	linkData:
	215,18.9825
	141,80.3749
	150,118.715
	288,184.445
	289,230.995
	262,300.305
targetTextureID	215
	linkData:
	261,10.374
	142,54.9335
	141,137.319
	214,197.994
	262,228.915
	263,298.524
targetTextureID	216
	linkData:
	177,337.782
	123,12.4364
	217,290.851
	234,257.147
targetTextureID	217
	linkData:
	177,34.8628
	216,97.1865
	234,192.851
	235,256.36
	236,315.528
	218,345.747
targetTextureID	218
	linkData:
	175,3.30577
	177,78.5772
	217,159.601
	236,248.086
	245,304.533
targetTextureID	219
	linkData:
	201,98.6277
	277,147.222
	280,183.954
	281,231.304
	220,286.736
	156,355.47
targetTextureID	220
	linkData:
	156,39.8643
	219,101.078
	281,177.23
	297,230.952
	231,285.401
	157,341.998
targetTextureID	221
	linkData:
	160,2.1422
	284,140.543
	264,204.049
	174,232.219
	149,286.809
	154,331.264
targetTextureID	222
	linkData:
	265,116.011
	233,162.587
	178,235.735
	147,320.103
	186,336.213
targetTextureID	223
	linkData:
	245,6.41481
	242,168.157
	224,203.944
	165,228.436
	274,244.073
	159,260.883
	158,313.532
	246,318.291
targetTextureID	224
	linkData:
	223,16.6246
	242,105.278
	247,187.023
	252,262.836
	165,324.127
	159,327.453
targetTextureID	225
	linkData:
targetTextureID	226
	linkData:
	227,3.08693
	171,69.594
	183,109.103
	232,164.199
	287,250.074
	295,298.173
	359,333.895
	368,236.782
targetTextureID	227
	linkData:
	172,47.1501
	171,132.131
	226,186.185
	295,230.32
	291,296.809
	209,345.86
targetTextureID	228
	linkData:
	143,39.3319
	209,275.868
	191,330.981
targetTextureID	229
	linkData:
targetTextureID	230
	linkData:
	191,40.1377
	209,109.172
	291,189.827
	292,258.003
	234,317.738
	167,342.619
targetTextureID	231
	linkData:
	157,24.5436
	220,102.052
	297,186.909
	324,230.527
	240,292.623
	166,333.712
targetTextureID	232
	linkData:
	183,52.041
	142,113.005
	285,192.432
	286,257.286
	287,316.596
	226,345.771
targetTextureID	233
	linkData:
	265,12.2488
	298,140.559
	255,208.369
	192,248.912
	178,297.297
	222,342.624
targetTextureID	234
	linkData:
	216,19.1484
	167,31.8823
	230,108.445
	235,270.183
	217,332.976
	123,353.613
	292,151.22
	325,230.925
	397,187.979
	398,2.38983
targetTextureID	235
	linkData:
	236,9.05692
	217,65.2861
	234,100.447
	325,183.3
	326,229.223
	319,324.727
targetTextureID	236
	linkData:
	218,56.6474
	217,120.245
	235,189.129
	319,258.25
	245,317.957
targetTextureID	237
	linkData:
	299,10.9849
	298,49.0329
	301,143.186
	238,197.114
	162,246.915
	161,284.981
targetTextureID	238
	linkData:
	237,14.9665
	301,79.8016
	306,91.744
	310,130.234
	332,146.694
	303,195.465
	239,242.698
	162,322.768
targetTextureID	239
	linkData:
	162,3.35229
	238,62.6283
	303,140.556
	269,191.406
	305,231.178
	135,306.253
targetTextureID	240
	linkData:
	166,20.1733
	231,111.074
	324,174.192
	327,230.115
	279,317.719
	202,324.813
targetTextureID	241
	linkData:
targetTextureID	242
	linkData:
	388,44.5209
	362,106.245
	293,152.214
	248,194.369
	247,232.657
	130,259.985
	224,292.91
	165,307.884
	223,350.665
targetTextureID	243
	linkData:
targetTextureID	244
	linkData:
	168,10.078
	204,42.9112
	203,77.3218
	213,119.468
	290,178.927
	277,266.702
	201,330.193
	404,259.094
targetTextureID	245
	linkData:
	218,38.0178
	236,67.5212
	319,123.455
	223,190.815
	246,281.318
	175,348.165
	387,262.58
targetTextureID	246
	linkData:
	175,5.09174
	245,79.7822
	223,123.17
	274,181.9
	275,230.602
	158,292.337
targetTextureID	247
	linkData:
	224,7.79082
	242,48.8857
	248,143.335
	185,189.825
	130,316.77
	252,317.949
targetTextureID	248
	linkData:
	242,12.7249
	293,67.6158
	294,142.969
	249,179.057
	185,246.444
	247,323.713
targetTextureID	249
	linkData:
	294,54.0653
	321,123.597
	265,197.974
	186,256.531
	185,321.124
	248,359.78
	372,129.25
	406,69.0765
targetTextureID	250
	linkData:
targetTextureID	251
	linkData:
targetTextureID	252
	linkData:
	224,74.1315
	247,132.673
	130,132.905
targetTextureID	253
	linkData:
targetTextureID	254
	linkData:
targetTextureID	255
	linkData:
	233,27.7558
	298,74.8478
	302,142.299
	257,178.104
	256,252.586
	192,323.478
targetTextureID	256
	linkData:
	192,3.28676
	255,72.3969
	257,142.469
	258,182.895
	259,232.377
	161,279.971
targetTextureID	257
	linkData:
	256,324.666
	255,358.312
	258,262.86
	302,57.8625
targetTextureID	258
	linkData:
	256,2.76973
	257,81.3534
	259,287.908
targetTextureID	259
	linkData:
	256,50.2631
	258,107.781
	161,13.9018
targetTextureID	260
	linkData:
targetTextureID	261
	linkData:
	215,190.526
	263,238.644
	142,144.875
	328,287.691
targetTextureID	262
	linkData:
	215,50.1533
	214,121.912
	289,203.074
	331,233.751
	329,305.166
	263,351.9
targetTextureID	263
	linkData:
	328,8.50261
	261,59.8293
	215,119.409
	262,171.936
	329,229.889
	330,296.225
targetTextureID	264
	linkData:
	174,20.2686
	221,62.1377
	284,92.058
	322,183.948
	282,209.58
	151,334.538
targetTextureID	265
	linkData:
	249,19.5597
	321,66.7206
	298,162.56
	233,192.263
	222,295.96
	186,318.005
targetTextureID	266
	linkData:
targetTextureID	267
	linkData:
	270,10.473
	271,65.8473
	272,141.76
	268,147.256
	187,208.263
	135,322.788
targetTextureID	268
	linkData:
	269,138.253
	272,142.88
	187,252.226
	267,324.178
targetTextureID	269
	linkData:
	239,20.3926
	303,98.7318
	160,159.749
	308,197.565
	187,257.267
	305,267.108
	268,291.057
targetTextureID	270
	linkData:
	267,191.787
	135,228.675
	271,131.815
targetTextureID	271
	linkData:
	267,247.28
	270,308.781
	272,188.671
targetTextureID	272
	linkData:
	267,291.795
	271,14.6759
	268,291.836
targetTextureID	273
	linkData:
targetTextureID	274
	linkData:
	246,3.14573
	223,53.6286
	275,299.877
targetTextureID	275
	linkData:
	246,27.9399
	274,100.985
	158,356.955
targetTextureID	276
	linkData:
targetTextureID	277
	linkData:
	201,3.4981
	244,98.0164
	219,327.682
	280,276.595
	365,168.678
	381,91.1617
targetTextureID	278
	linkData:
	373,9.24323
	374,64.2352
	150,118.066
	202,192.393
	279,232.501
	341,290.422
targetTextureID	279
	linkData:
	278,17.0849
	202,70.5774
	240,148.057
	327,164.579
	340,231.432
	341,296.954
targetTextureID	280
	linkData:
	219,5.22783
	277,105.297
	365,141.963
	366,184.58
	367,230.588
	281,272.377
targetTextureID	281
	linkData:
	219,46.1256
	280,96.9002
	367,197.264
	376,233.336
	297,281.121
	220,358.625
	450,265.364
	462,184.291
targetTextureID	282
	linkData:
	283,36.0548
	207,74.3968
	151,104.66
	264,137.716
	322,203.664
	357,357.024
	412,292.935
	441,320.303
	448,354.963
targetTextureID	283
	linkData:
	207,6.29887
	282,55.3961
	357,142.062
	358,183.61
	290,254.619
	213,290.964
targetTextureID	284
	linkData:
	315,12.925
	342,77.7826
	322,178.351
	264,210.71
	221,303.325
	160,328.279
	316,332.526
	413,182.506
targetTextureID	285
	linkData:
	232,12.4876
	142,62.6387
	286,321.2
	378,264.904
targetTextureID	286
	linkData:
	287,14.0226
	232,77.507
	285,142.533
	378,182.002
	379,231.462
	330,287.527
targetTextureID	287
	linkData:
	359,10.6712
	226,72.0569
	232,139.755
	286,192.423
	330,215.114
	361,297.331
targetTextureID	288
	linkData:
	214,4.69006
	150,78.0625
	337,141.301
	338,184.082
	339,228.984
	289,301.283
targetTextureID	289
	linkData:
	262,24.5196
	214,53.0856
	288,121.787
	339,183.387
	375,231.088
	331,307.224
targetTextureID	290
	linkData:
	404,9.33637
	244,43.3764
	213,109.367
	283,200.471
	358,242.931
	405,321.023
targetTextureID	291
	linkData:
	230,4.08936
	209,42.6413
	227,111.982
	295,159.713
	370,208.366
	292,299.746
	395,250.417
	422,344.677
	468,206.596
targetTextureID	292
	linkData:
	230,54.4186
	291,104.823
	395,191.005
	396,257.289
	397,316.322
	234,332.915
targetTextureID	293
	linkData:
	362,8.80042
	363,67.3004
	364,144.31
	294,194.88
	248,249.517
	242,332.822
targetTextureID	294
	linkData:
	293,13.222
	364,71.1797
	371,142.811
	372,182.02
	249,234.764
	248,323.625
targetTextureID	295
	linkData:
	227,50.6596
	226,120.591
	368,193.035
	369,258.678
	370,316.89
	291,344.178
targetTextureID	296
	linkData:
targetTextureID	297
	linkData:
	231,7.05961
	220,50.3119
	281,107.668
	376,182.992
	377,229.437
	324,286.092
targetTextureID	298
	linkData:
	321,19.5712
	408,53.7431
	391,162.043
	301,188.459
	302,217.861
	237,233.855
	255,258.741
	299,292.591
	233,324.68
	265,344.356
	460,113.168
	472,353.844
targetTextureID	299
	linkData:
	298,106.469
	237,190.976
	161,248.333
targetTextureID	300
	linkData:
targetTextureID	301
	linkData:
	298,7.0297
	391,66.2542
	336,154.525
	332,203.661
	238,259.177
	237,322.483
targetTextureID	302
	linkData:
	255,321.639
	298,35.023
	257,237.794
targetTextureID	303
	linkData:
	238,0.0279765
	306,70.034
	307,144.363
	308,184.018
	269,240.424
	239,287.525
targetTextureID	304
	linkData:
targetTextureID	305
	linkData:
	239,83.9177
	269,113.249
	135,297.248
targetTextureID	306
	linkData:
	309,9.12234
	307,82.4935
	303,155.226
	238,156.402
	310,230.568
	311,298.717
targetTextureID	307
	linkData:
	303,213.221
	306,276.514
	308,153.196
	309,330.427
	314,46.7011
targetTextureID	308
	linkData:
	303,227.11
	307,321.686
	269,190.073
targetTextureID	309
	linkData:
	311,66.1577
	312,141.198
	160,188.918
	314,229.437
	307,292.658
	306,357.752
targetTextureID	310
	linkData:
	306,33.9893
	238,65.1682
	332,117.566
	333,192.637
	318,270.529
	311,337.334
targetTextureID	311
	linkData:
	306,68.3916
	310,138.896
	318,183.881
	315,236.335
	312,255.279
	309,359.711
targetTextureID	312
	linkData:
	311,12.9343
	315,143.961
	316,182.205
	317,230.83
	160,290.878
	309,335.981
targetTextureID	313
	linkData:
targetTextureID	314
	linkData:
	307,77.1304
	309,87.6811
	160,132.085
targetTextureID	315
	linkData:
	318,9.50707
	342,141.498
	284,189.871
	316,231.985
	312,318.409
	311,344.32
targetTextureID	316
	linkData:
	312,2.77079
	315,60.6074
	284,158.881
	317,293.954
targetTextureID	317
	linkData:
	312,59.2309
	316,125.364
	160,14.7475
targetTextureID	318
	linkData:
	311,64.2675
	315,94.0456
	310,118.069
	333,162.852
	418,221.364
	494,318.039
	496,3.47215
	500,65.7067
targetTextureID	319
	linkData:
	236,42.5129
	235,115.858
	326,169.117
	386,255.71
	387,317.815
	245,327.446
targetTextureID	320
	linkData:
targetTextureID	321
	linkData:
	406,10.0898
	371,68.654
	408,141.62
	298,198.163
	265,246.698
	249,301.44
targetTextureID	322
	linkData:
	412,11.9994
	282,76.8384
	264,168.32
	413,228.652
	284,233.761
	414,295.276
targetTextureID	323
	linkData:
targetTextureID	324
	linkData:
	231,51.7168
	297,109.012
	377,182.256
	401,249.318
	327,302.491
	240,354.222
	453,273.433
	476,188.701
targetTextureID	325
	linkData:
	234,30.1765
	397,49.2721
	396,126.593
	326,267.007
	235,335.233
	400,338.034
	420,233.895
	438,178.157
targetTextureID	326
	linkData:
	235,39.3617
	325,88.8939
	420,192.327
	421,257.872
	386,323.803
	319,356.947
targetTextureID	327
	linkData:
	240,49.338
	324,122.984
	401,191.212
	392,318.929
	340,338.292
	279,352.293
targetTextureID	328
	linkData:
	263,187.648
	330,230.834
	261,106.684
targetTextureID	329
	linkData:
	263,45.564
	262,123.2
	331,167.669
	415,229.959
	416,298.093
	330,346.879
targetTextureID	330
	linkData:
	361,2.66323
	287,40.0886
	328,59.4144
	286,107.097
	263,113.626
	329,167.244
	379,198.276
	416,241.058
	410,316.504
	435,280.794
	464,331.198
targetTextureID	331
	linkData:
	262,53.8064
	289,125.823
	375,202.55
	419,230.907
	415,309.212
	329,359.445
targetTextureID	332
	linkData:
	301,46.2281
	336,142.159
	333,179.687
	310,232.74
	238,359.873
targetTextureID	333
	linkData:
	310,18.2404
	332,70.0246
	336,188.456
	418,231.133
	318,312.628
targetTextureID	334
	linkData:
targetTextureID	335
	linkData:
targetTextureID	336
	linkData:
	391,5.03182
	436,52.4924
	418,82.8322
	333,212.161
	332,271.176
	301,330.101
targetTextureID	337
	linkData:
	150,37.4397
	344,52.3582
	345,116.989
	346,190.682
	338,255.561
	288,320.434
targetTextureID	338
	linkData:
	288,4.16951
	337,77.5727
	346,149.447
	402,181.2
	403,231.043
	339,290.543
targetTextureID	339
	linkData:
	289,3.48504
	288,49.3554
	338,111.652
	403,188.808
	427,230.517
	375,297.893
targetTextureID	340
	linkData:
	279,56.7641
	327,149.288
	392,184.423
	393,230.202
	394,296.884
	341,330.363
targetTextureID	341
	linkData:
	373,22.5087
	278,74.2382
	279,117.05
	340,144.088
	394,217.659
	428,297.107
targetTextureID	342
	linkData:
	284,242.308
	315,310.286
targetTextureID	343
	linkData:
targetTextureID	344
	linkData:
	150,2.84255
	347,9.63164
	348,66.5802
	349,141.952
	345,179.393
	337,230.923
targetTextureID	345
	linkData:
	344,0.878264
	349,63.8936
	352,145.01
	353,182.24
	346,242.58
	337,296.726
targetTextureID	346
	linkData:
	337,12.475
	345,63.881
	353,106.677
	385,154.551
	402,263.38
	338,327.749
targetTextureID	347
	linkData:
	344,193.292
	150,199.999
	348,142.075
targetTextureID	348
	linkData:
	344,249.108
	347,325.384
	349,194.226
	350,159.579
targetTextureID	349
	linkData:
	350,66.9836
	351,141.084
	352,182.587
	345,244.954
	344,315.039
	348,351.884
targetTextureID	350
	linkData:
	349,221.53
	348,276.202
	351,163.158
	354,113.231
targetTextureID	351
	linkData:
	354,66.4417
	355,138.549
	356,182.486
	352,248.161
	349,311.334
	350,349.851
targetTextureID	352
	linkData:
	351,67.4404
	356,123.392
	380,192.371
	353,256.931
	345,319.739
	349,357.385
targetTextureID	353
	linkData:
	352,76.8412
	380,152.299
	385,231.189
	346,292.192
	345,358.854
targetTextureID	354
	linkData:
	351,270.239
	350,336.976
	355,264.054
targetTextureID	355
	linkData:
	356,239.42
	351,259.691
	425,286.667
	354,295.643
	519,27.5321
targetTextureID	356
	linkData:
	351,0.776825
	355,40.3405
	425,117.522
	426,191.541
	380,254.594
	352,312.75
targetTextureID	357
	linkData:
	441,9.82859
	432,84.4016
	358,163.58
	283,244.586
	282,297.512
targetTextureID	358
	linkData:
	431,10.9672
	405,44.5065
	290,92.2176
	283,160.768
	357,226.305
	432,297.726
targetTextureID	359
	linkData:
	287,190.752
	361,236.629
	226,155.174
	409,306.864
targetTextureID	360
	linkData:
targetTextureID	361
	linkData:
	409,10.6688
	359,59.9031
	287,117.109
	330,180
	410,232.515
	411,298.33
targetTextureID	362
	linkData:
	388,10.3153
	389,54.6754
	363,134.874
	293,201.887
	242,299.833
targetTextureID	363
	linkData:
	429,67.3832
	430,144.997
	364,197.137
	293,251.817
	362,303.395
	389,353.729
targetTextureID	364
	linkData:
	430,66.6222
	443,141.415
	371,204.599
	294,251.859
	293,318.988
	363,357.069
targetTextureID	365
	linkData:
	381,67.0636
	382,141.658
	383,183.653
	366,236.32
	280,313.816
	277,350.648
targetTextureID	366
	linkData:
	280,18.76
	365,82.915
	383,165.981
	439,182.752
	440,230.114
	367,308.091
targetTextureID	367
	linkData:
	281,18.9793
	280,58.8124
	366,122.954
	440,183.909
	431,230.345
	450,298.898
targetTextureID	368
	linkData:
	295,16.3386
	226,61.7065
	410,275.396
	369,307.288
targetTextureID	369
	linkData:
	370,20.2236
	295,68.9344
	368,115.93
	410,187.728
	459,230.555
	423,315.948
targetTextureID	370
	linkData:
	422,8.84511
	291,29.8346
	295,134.397
	369,206.225
	423,230.995
	424,296.98
targetTextureID	371
	linkData:
	364,23.2431
	443,69.7851
	408,166.581
	321,248.655
	372,254.742
	294,321.991
	406,336.261
	530,133.932
targetTextureID	372
	linkData:
	294,0.306467
	371,74.6399
	249,306.87
targetTextureID	373
	linkData:
	374,159.446
	278,196.444
	341,234.744
	428,332.512
targetTextureID	374
	linkData:
	278,283.691
	373,350.332
	394,129.606
	428,81.3356
	444,206.768
targetTextureID	375
	linkData:
	331,26.9654
	289,52.8476
	339,118.39
	427,172.746
	454,228.418
	419,335.08
targetTextureID	376
	linkData:
	281,59.1485
	462,143.098
	463,182.578
	451,201.324
	377,275.951
	297,358.655
targetTextureID	377
	linkData:
	324,1.84133
	297,54.4356
	376,109.397
	451,189.517
	452,258.987
	453,315.88
targetTextureID	378
	linkData:
	286,1.82252
	285,79.9741
	379,307.397
	433,241.634
targetTextureID	379
	linkData:
	330,18.2225
	286,52.8341
	378,123.965
	433,191.627
	434,255.729
	435,314.728
targetTextureID	380
	linkData:
	352,11.4876
	356,61.9617
	426,105.487
	467,192.341
	385,278.87
	353,331.485
targetTextureID	381
	linkData:
	365,216.87
	277,248.149
	382,158.288
targetTextureID	382
	linkData:
	365,233.314
	381,295.275
	383,176.394
targetTextureID	383
	linkData:
	365,49.9359
	382,137.114
	366,4.33395
	439,261.305
targetTextureID	384
	linkData:
targetTextureID	385
	linkData:
	353,51.2641
	380,103.392
	467,145.092
	441,164.335
	412,215.691
	414,246.263
	456,280.893
	402,331.492
	346,349.736
	489,228.491
targetTextureID	386
	linkData:
	319,52.7304
	326,119.714
	387,351.206
	421,156.771
targetTextureID	387
	linkData:
	319,109.738
	386,171.287
	245,78.1745
targetTextureID	388
	linkData:
	389,110.054
	362,188.946
	242,238.943
targetTextureID	389
	linkData:
	362,242.283
	388,300.105
	363,203.634
	429,164.12
	486,123.94
targetTextureID	390
	linkData:
targetTextureID	391
	linkData:
	460,11.9691
	461,65.0155
	436,141.222
	336,184.238
	301,245.285
	298,339.408
targetTextureID	392
	linkData:
	393,50.791
	340,87.9209
	327,168.963
	401,176.505
	426,201.278
targetTextureID	393
	linkData:
	340,123.433
	392,228.595
	394,40.0945
	444,295.423
targetTextureID	394
	linkData:
	428,19.0159
	341,95.45
	340,169.696
	393,206.289
	444,229.472
	374,276.737
targetTextureID	395
	linkData:
	292,16.3575
	291,63.2732
	468,118.826
	469,193.025
	437,269.508
	396,315.124
targetTextureID	396
	linkData:
	397,25.5531
	292,74.7282
	395,127.582
	437,183.513
	438,227.944
	325,322.81
targetTextureID	397
	linkData:
	398,9.61478
	234,11.9346
	292,138.27
	396,210.544
	325,252.408
	400,298.314
targetTextureID	398
	linkData:
	397,186.088
	400,248.72
	234,183.096
targetTextureID	399
	linkData:
targetTextureID	400
	linkData:
	398,78.254
	397,117.867
	325,187.289
targetTextureID	401
	linkData:
	327,12.6175
	324,73.6455
	476,143.06
	452,185.952
	426,250.334
	392,337.037
targetTextureID	402
	linkData:
	338,1.71315
	346,86.8319
	385,138.332
	456,184.23
	457,230.489
	403,281.538
targetTextureID	403
	linkData:
	339,8.41158
	338,53.4232
	402,105.245
	457,191.431
	492,229.285
	427,303.487
targetTextureID	404
	linkData:
	290,170.658
	405,240.528
	244,97.1084
targetTextureID	405
	linkData:
	290,133.645
	404,71.275
	358,188.273
	431,236.625
targetTextureID	406
	linkData:
	371,153.446
	321,186.045
	249,245.66
targetTextureID	407
	linkData:
targetTextureID	408
	linkData:
	471,157.608
	298,230.738
	470,238.147
	321,321.61
	473,341.27
	371,346.49
	515,106.853
	539,59.5151
targetTextureID	409
	linkData:
	361,181.009
	411,229.79
	359,123.856
targetTextureID	410
	linkData:
	369,8.40132
	361,44.5922
	368,85.2171
	330,124.981
	459,261.213
	411,343.156
	534,224.326
	542,193.118
targetTextureID	411
	linkData:
	361,103
	409,43.5463
	410,160.722
targetTextureID	412
	linkData:
	385,24.6855
	441,81.8972
	448,140.436
	282,193.927
	322,220.586
	414,273.818
targetTextureID	413
	linkData:
	322,177.361
	284,5.47421
	414,116.752
	481,33.4466
	484,268.242
targetTextureID	414
	linkData:
	385,60.6299
	412,93.2512
	322,146.082
	413,201.897
	481,231.765
	482,297.384
targetTextureID	415
	linkData:
	329,60.9653
	331,125.737
	419,164.634
	480,205.284
	434,312.99
	416,358.152
targetTextureID	416
	linkData:
	464,9.54145
	330,59.2149
	329,119.599
	415,179.224
	434,230.904
	435,321.728
targetTextureID	417
	linkData:
targetTextureID	418
	linkData:
	436,6.05466
	494,66.9607
	318,99.6981
	333,185.452
	336,226.615
targetTextureID	419
	linkData:
	415,18.079
	331,60.3877
	375,155.576
	454,206.872
	479,231.77
	480,297.896
targetTextureID	420
	linkData:
	326,357.197
	325,37.6576
	421,290.679
targetTextureID	421
	linkData:
	326,67.027
	420,112.966
	386,345.11
targetTextureID	422
	linkData:
	370,185.249
	424,214.213
	291,162.853
targetTextureID	423
	linkData:
	370,43.3395
	369,134.147
	424,11.8969
	459,206.706
	536,255.364
targetTextureID	424
	linkData:
	370,110.389
	422,30.4837
	423,193.4
targetTextureID	425
	linkData:
	426,164.81
	356,199.422
	355,263.588
	519,317.508
targetTextureID	426
	linkData:
	392,21.611
	425,39.1642
	401,101.342
	452,131.17
	431,159.681
	432,199.174
	467,236.651
	380,276.981
	356,339.433
targetTextureID	427
	linkData:
	339,51.6178
	403,125.965
	492,198.627
	513,230.238
	454,280.687
	375,352.007
targetTextureID	428
	linkData:
	341,154.764
	394,191.007
	374,225.406
	373,251.846
targetTextureID	429
	linkData:
	486,67.488
	487,141.202
	438,194.656
	430,216.836
	363,273.954
	389,335.106
targetTextureID	430
	linkData:
	429,32.4432
	438,48.3738
	514,117.824
	443,216.347
	364,261.1
	363,345.594
targetTextureID	431
	linkData:
	440,87.9728
	358,95.0402
	432,138.812
	426,166.423
	450,277.035
	367,349.744
	405,358.121
targetTextureID	432
	linkData:
	431,107.289
	358,164.318
	357,197.853
	441,251.914
	467,267.072
	426,358.559
targetTextureID	433
	linkData:
	379,15.305
	378,68.0852
	434,305.399
targetTextureID	434
	linkData:
	435,4.87291
	416,50.0196
	379,78.36
	433,135.229
	415,141.396
targetTextureID	435
	linkData:
	464,43.9603
	330,93.33
	379,128.053
	416,138.69
	434,185.432
targetTextureID	436
	linkData:
	461,10.2329
	508,20.2989
	497,45.3527
	494,103.334
	418,189.72
	336,211.633
	391,324.126
	527,12.9626
targetTextureID	437
	linkData:
	396,6.1177
	395,85.2691
	469,132.757
	524,183.41
	525,231.74
	438,288.18
targetTextureID	438
	linkData:
	325,4.2023
	429,14.0985
	396,38.3031
	437,98.0325
	487,100.351
	514,170.374
	430,231.154
	525,185.939
	550,104.42
targetTextureID	439
	linkData:
	366,8.23361
	383,68.4524
	440,286.656
targetTextureID	440
	linkData:
	367,17.4807
	366,59.0275
	439,109.77
	431,343.915
targetTextureID	441
	linkData:
	467,96.3902
	432,125.544
	357,181.699
	448,216.996
	282,254.241
	412,286.591
	385,349.765
targetTextureID	442
	linkData:
targetTextureID	443
	linkData:
	430,8.97684
	514,40.5485
	530,192.527
	371,250.469
	364,321.618
	552,125.386
targetTextureID	444
	linkData:
	374,21.9822
	394,79.094
	393,130.882
targetTextureID	445
	linkData:
targetTextureID	446
	linkData:
targetTextureID	447
	linkData:
targetTextureID	448
	linkData:
	412,24.0284
	441,81.0837
	282,335.514
targetTextureID	449
	linkData:
targetTextureID	450
	linkData:
	281,95.2894
	367,134.332
	431,172.772
targetTextureID	451
	linkData:
	377,95.3448
	376,132.229
	452,44.7789
	463,187.977
targetTextureID	452
	linkData:
	401,20.3125
	453,24.6595
	377,108.491
	476,132.512
	451,181.486
	426,290.517
targetTextureID	453
	linkData:
	377,139.613
	452,189.361
	324,95.0029
targetTextureID	454
	linkData:
	419,26.1507
	375,48.6106
	427,104.562
	513,174.735
	531,230.701
	479,345.863
targetTextureID	455
	linkData:
targetTextureID	456
	linkData:
	402,2.08394
	385,86.9606
	489,142.652
	490,183.3
	491,232.613
	457,285.361
targetTextureID	457
	linkData:
	403,11.0657
	402,53.9055
	456,111.553
	491,173.776
	492,283.327
targetTextureID	458
	linkData:
targetTextureID	459
	linkData:
	423,23.1562
	369,45.9457
	410,76.6547
	534,190.975
	535,256.556
	536,315.853
targetTextureID	460
	linkData:
	470,7.23901
	471,53.3254
	461,131.674
	391,196.476
	298,293.21
	472,315.061
targetTextureID	461
	linkData:
	471,0.214891
	516,51.036
	508,163.868
	527,187.323
	436,195.461
	391,244.605
	460,303.011
	504,348.426
targetTextureID	462
	linkData:
	376,330.19
	281,13.9119
	463,267.426
targetTextureID	463
	linkData:
	376,282.75
	462,7.55227
	451,172.197
targetTextureID	464
	linkData:
	330,143.614
	416,188.93
	435,227.062
targetTextureID	465
	linkData:
targetTextureID	466
	linkData:
targetTextureID	467
	linkData:
	380,8.73775
	426,64.0746
	432,116.394
	441,254.12
	385,312.538
targetTextureID	468
	linkData:
	395,303.42
	291,24.0713
	469,253.234
	537,208.913
targetTextureID	469
	linkData:
	395,9.20174
	468,65.7478
	537,140.438
	538,182.354
	524,260.085
	437,312.952
targetTextureID	470
	linkData:
	473,7.73596
	408,58.2096
	471,118.159
	460,186.65
	472,250.193
	475,316.524
targetTextureID	471
	linkData:
	515,65.8481
	516,143.521
	461,180.069
	460,229.168
	470,298.165
	408,337.601
targetTextureID	472
	linkData:
	460,133.888
	470,71.2924
	298,171.2
	475,20.8827
targetTextureID	473
	linkData:
	408,161.314
	470,187.739
	475,234.547
targetTextureID	474
	linkData:
targetTextureID	475
	linkData:
	470,136.526
	473,54.5441
	472,200.406
targetTextureID	476
	linkData:
	324,17.5153
	452,287.611
	401,317.607
targetTextureID	477
	linkData:
targetTextureID	478
	linkData:
targetTextureID	479
	linkData:
	419,53.2253
	454,165.842
	531,201.924
	532,230.634
	533,298.138
	480,354.691
targetTextureID	480
	linkData:
	415,81.8855
	419,139.879
	506,170.244
	479,183.775
	505,234.053
	533,244.58
	522,278.311
targetTextureID	481
	linkData:
	483,9.49126
	482,84.5094
	414,127.882
	413,197.107
	484,229.654
	485,297.291
targetTextureID	482
	linkData:
	491,86.9855
	414,144.812
	481,220.487
	483,268.378
	503,278.845
	502,340.914
targetTextureID	483
	linkData:
	481,186.382
	485,248.217
	482,125.491
targetTextureID	484
	linkData:
	481,98.7699
	413,121.992
	485,46.8156
targetTextureID	485
	linkData:
	481,144.744
	483,96.267
	484,208.018
targetTextureID	486
	linkData:
	429,258.135
	389,307.679
	487,214.314
targetTextureID	487
	linkData:
	486,36.0932
	438,290.288
	429,332.166
targetTextureID	488
	linkData:
targetTextureID	489
	linkData:
	456,330.5
	385,36.6252
	490,249.558
targetTextureID	490
	linkData:
	456,5.21451
	489,63.9501
	491,311.894
targetTextureID	491
	linkData:
	456,63.2696
	490,143.11
	482,244.918
	502,292.515
	492,321.545
	457,356.258
targetTextureID	492
	linkData:
	427,20.2456
	403,53.7511
	457,108.847
	491,146.985
	502,256.722
	501,310.532
	513,311.587
	509,352.768
targetTextureID	493
	linkData:
targetTextureID	494
	linkData:
	495,8.98761
	496,68.1929
	318,155.259
	418,218.226
	436,249.493
	497,297.093
targetTextureID	495
	linkData:
	504,11.7402
	505,67.5266
	498,113.352
	496,170.367
	494,221.741
	497,259.156
targetTextureID	496
	linkData:
	495,8.01829
	498,65.8458
	499,142.11
	500,182.406
	318,274.499
	494,303.709
targetTextureID	497
	linkData:
	504,41.806
	495,67.7562
	494,125.625
	436,207.748
	508,298.696
targetTextureID	498
	linkData:
	505,0.585506
	506,67.6165
	501,134.671
	499,197.306
	496,242.746
	495,300.128
targetTextureID	499
	linkData:
	498,24.3464
	501,54.1859
	502,117.338
	503,191.892
	500,254.491
	496,331.869
targetTextureID	500
	linkData:
	496,17.354
	499,82.4423
	318,344.86
	503,165.023
targetTextureID	501
	linkData:
	506,33.4559
	509,66.158
	492,142.122
	502,175.39
	499,230.59
	498,316.417
targetTextureID	502
	linkData:
	492,94.4633
	491,142.652
	482,172.728
	503,237.273
	499,289.796
	501,354.825
targetTextureID	503
	linkData:
	499,19.3329
	502,75.0887
	482,133.886
	500,341.519
targetTextureID	504
	linkData:
	522,65.7875
	505,131.513
	495,192.637
	497,233.987
	508,252.166
	461,264.311
targetTextureID	505
	linkData:
	522,7.62843
	480,42.0091
	506,104.702
	498,178.404
	495,250.402
	504,315.764
targetTextureID	506
	linkData:
	509,143.597
	501,213.451
	498,246.113
	505,284.466
	480,342.051
targetTextureID	507
	linkData:
targetTextureID	508
	linkData:
	504,100.272
	497,170.074
	436,204.727
	527,224.344
	461,340.932
	516,19.1625
	548,52.2624
	557,107.15
targetTextureID	509
	linkData:
	492,175.802
	501,244.781
	506,324.023
targetTextureID	510
	linkData:
targetTextureID	511
	linkData:
targetTextureID	512
	linkData:
targetTextureID	513
	linkData:
	427,55.3234
	492,136.075
	454,353.196
	531,290.184
targetTextureID	514
	linkData:
	550,61.9183
	524,111.824
	552,183.507
	443,246.992
	430,301.411
	438,350.687
targetTextureID	515
	linkData:
	539,8.92909
	541,142.951
	516,190.422
	471,246.394
	408,286.762
	565,42.3466
	569,349.173
targetTextureID	516
	linkData:
	515,10.2799
	541,54.5138
	548,142.552
	508,203.689
	461,228.791
	471,321.355
targetTextureID	517
	linkData:
targetTextureID	518
	linkData:
targetTextureID	519
	linkData:
	355,99.0811
	425,99.121
targetTextureID	520
	linkData:
targetTextureID	521
	linkData:
targetTextureID	522
	linkData:
	544,19.0419
	543,52.8633
	546,92.54
	480,97.2918
	505,193.952
	504,252.854
	558,302.38
	561,22.1355
	559,265.361
	564,332.955
targetTextureID	523
	linkData:
targetTextureID	524
	linkData:
	437,2.33682
	550,31.3669
	469,78.4958
	538,127.619
	552,221.661
	525,286.032
	514,294.564
targetTextureID	525
	linkData:
	437,45.1454
	524,102.591
	438,5.8182
targetTextureID	526
	linkData:
targetTextureID	527
	linkData:
	461,7.46364
	508,42.7391
	436,194.229
targetTextureID	528
	linkData:
targetTextureID	529
	linkData:
targetTextureID	530
	linkData:
	443,15.4235
	371,315.235
targetTextureID	531
	linkData:
	454,53.6928
	513,118.922
	479,23.4478
	532,344.395
targetTextureID	532
	linkData:
	479,51.7555
	531,164.144
	533,347.643
targetTextureID	533
	linkData:
	479,118.612
	532,166.23
	480,59.506
targetTextureID	534
	linkData:
	459,10.5486
	410,39.607
	542,143.153
	543,184.546
	544,229.946
	535,306.09
targetTextureID	535
	linkData:
	536,22.6827
	459,75.3304
	534,125.363
	544,173.351
	553,228.256
	554,297.908
targetTextureID	536
	linkData:
	459,134.52
	535,202.71
	423,69.9387
	554,245.941
targetTextureID	537
	linkData:
	469,323.051
	468,25.2498
	538,253.85
targetTextureID	538
	linkData:
	469,1.53888
	537,70.7777
	524,307.743
targetTextureID	539
	linkData:
	552,76.1083
	565,162.482
	515,203.066
	408,226.986
	569,262.801
targetTextureID	540
	linkData:
targetTextureID	541
	linkData:
	565,9.44032
	566,54.9923
	555,99.8352
	548,191.401
	516,239.631
	515,326.807
targetTextureID	542
	linkData:
	534,322.984
	410,12.4285
	543,240.346
	545,163.078
targetTextureID	543
	linkData:
	534,6.73214
	542,69.7945
	545,139.904
	546,184.327
	522,224.52
	544,308.991
targetTextureID	544
	linkData:
	534,52.7782
	543,129.48
	522,190.125
	564,229.584
	553,306.367
	535,352.341
targetTextureID	545
	linkData:
	543,287.68
	542,331.964
	546,233.718
targetTextureID	546
	linkData:
	543,12.3367
	545,101.246
	522,267.415
targetTextureID	547
	linkData:
targetTextureID	548
	linkData:
	541,11.7693
	555,65.3153
	556,142.832
	557,183.666
	508,219.031
	516,300.345
targetTextureID	549
	linkData:
targetTextureID	550
	linkData:
	524,211.778
	514,246.772
	438,293.04
targetTextureID	551
	linkData:
targetTextureID	552
	linkData:
	514,3.10791
	524,37.5888
	566,187.416
	565,218.3
	539,256.616
	443,288.003
targetTextureID	553
	linkData:
	535,46.699
	544,126.944
	564,177.175
	554,354.409
targetTextureID	554
	linkData:
	535,115.789
	553,174.604
	536,63.7364
targetTextureID	555
	linkData:
	548,214.724
	541,277.511
	556,162.395
	558,77.022
	563,355.617
	566,5.76317
targetTextureID	556
	linkData:
	558,10.3205
	559,66.1594
	560,144.459
	557,155.396
	548,247.716
	555,333.824
targetTextureID	557
	linkData:
	548,284.282
	556,344.05
	508,215.4
	560,135.388
targetTextureID	558
	linkData:
	561,8.19185
	522,53.1442
	559,144.219
	556,197.469
	555,259.841
	563,316.341
targetTextureID	559
	linkData:
	522,45.8629
	560,201.157
	556,250.955
	558,336.995
targetTextureID	560
	linkData:
	556,348.936
	559,22.734
	557,332.711
targetTextureID	561
	linkData:
	522,200.052
	558,264.819
	563,308.913
targetTextureID	562
	linkData:
targetTextureID	563
	linkData:
	558,172.613
	561,116.182
	555,190.755
targetTextureID	564
	linkData:
	544,47.0284
	522,139.446
	553,355.408
targetTextureID	565
	linkData:
	552,39.6078
	566,133.511
	541,195.21
	515,246.968
	569,318.366
	539,345.037
targetTextureID	566
	linkData:
	552,1.3094
	555,197.671
	541,253.702
	565,308.907
targetTextureID	567
	linkData:
targetTextureID	568
	linkData:
targetTextureID	569
	linkData:
	539,76.8061
	565,140.053
	515,169.209

centerTE	553
	linkData:
	535 46.699
	544 126.944
	564 177.175
	554 354.409

p_OMTE	3
	linkData:
	2 10.0815
	0 66.3804
	1 141.652
	4 183.188
	7 230.424
	6 297.553

matchF
	4
	5

linkPairs
	0 3 554
	1 0 535
	2 1 544
	3 2 564
	4 4 570
	5 5 571

